R1: 0.0 0
R2: 0.0 0
R3: 0.393553933686007 0
R4: 0.573203093168559 0
R5: -0.0763469530886596 0
R6: 0.0 0
R7: 0.0 0
R8: 0.450988891861698 0
R9: -0.20886489567215 0
R10: 0.0 0
R11: 0.0 0
R12: -0.42435971424743 0
R13: 1.22009329211596 0
R14: 0.0 0
R15: -0.156546556512922 0
R16: -0.0240286139294312 0
R17: 0.0 0
R18: -0.287737776220865 0
R19: 0.0 0
R20: -0.422447875112312 0
R21: -0.287268389944074 0
R22: 0.0 0
R23: -0.300770513174712 0
R24: 1.15415884023537 0
R25: 0.890715674810281 0
R26: 0.0 0
R27: 0.0 0
R28: -0.0244148183217021 0
R29: 0.555088400733212 0
R30: 1.04893238683576 0
R31: 0.0 0
R32: 0.0 0
R33: 0.288961068659546 0
R34: 0.790665587132253 0
R35: 0.0 0
R36: 0.20618266273209 0
R37: 0.975752312801887 0
R38: 0.672738398082856 0
R39: 0.0 0
R40: 0.0 0



i0: 0.0 0
i1: -0.833839588292221 0
i2: -0.528601134172504 0
i3: -0.113413452660097 0
i4: -0.998407887720987 0
i5: -0.913838412850282 0
i6: 0.666023713077266 0
i7: -1.32431431774535 0
i8: -1.3564308087789 0
i9: -2.19027039707157 0
i10: -0.620013612749517 0
i11: -0.438156390293671 0
i12: -1.27199597858612 0
i13: -0.946089548561758 0
i14: -0.861520073691054 0
i15: -1.30411246961944 0
i16: -0.454301299085728 0
i17: -1.2881408873784 0
i18: -0.878680752267883 0
i19: -0.641568396705679 0
i20: -1.05365349436374 0
i21: -0.0313452598220465 0
i22: 0.0532242150486582 0
i23: -0.389368180879728 0
i24: -1.2232077691724 0
i25: 0.00322587308119182 0
i26: -0.112249960269082 0
i27: -0.830613715211257 0
i28: -0.0873019735124672 0
i29: 0.33741030379133 0
i30: -0.0962783780282734 0
i31: -0.0117089031573414 0



H2(g): 0.0 0
CO2(g): 0.0 0
CO(g): 0.223431317148652 0
H2O(g): 0.223431317148652 0
CH3OH(g): 0.0395135978958479 0
CH4(g): -0.85963193504449 0
